(kicad_pcb (version 20171130) (host pcbnew 5.1.7-a382d34a88~89~ubuntu20.04.1)

  (general
    (thickness 1.6)
    (drawings 5)
    (tracks 127)
    (zones 0)
    (modules 39)
    (nets 20)
  )

  (page A4)
  (layers
    (0 F.Cu signal)
    (31 B.Cu signal)
    (32 B.Adhes user)
    (33 F.Adhes user)
    (34 B.Paste user)
    (35 F.Paste user)
    (36 B.SilkS user)
    (37 F.SilkS user)
    (38 B.Mask user)
    (39 F.Mask user)
    (40 Dwgs.User user)
    (41 Cmts.User user)
    (42 Eco1.User user)
    (43 Eco2.User user)
    (44 Edge.Cuts user)
    (45 Margin user)
    (46 B.CrtYd user)
    (47 F.CrtYd user)
    (48 B.Fab user)
    (49 F.Fab user)
  )

  (setup
    (last_trace_width 0.25)
    (user_trace_width 0.5)
    (user_trace_width 1)
    (user_trace_width 2)
    (trace_clearance 0.2)
    (zone_clearance 0.508)
    (zone_45_only no)
    (trace_min 0.2)
    (via_size 0.8)
    (via_drill 0.4)
    (via_min_size 0.4)
    (via_min_drill 0.3)
    (user_via 1.2 0.7)
    (uvia_size 0.3)
    (uvia_drill 0.1)
    (uvias_allowed no)
    (uvia_min_size 0.2)
    (uvia_min_drill 0.1)
    (edge_width 0.05)
    (segment_width 0.2)
    (pcb_text_width 0.3)
    (pcb_text_size 1.5 1.5)
    (mod_edge_width 0.12)
    (mod_text_size 1 1)
    (mod_text_width 0.15)
    (pad_size 5 5)
    (pad_drill 2.7)
    (pad_to_mask_clearance 0.051)
    (solder_mask_min_width 0.25)
    (aux_axis_origin 0 0)
    (visible_elements 7FFFFFFF)
    (pcbplotparams
      (layerselection 0x010fc_ffffffff)
      (usegerberextensions false)
      (usegerberattributes false)
      (usegerberadvancedattributes false)
      (creategerberjobfile false)
      (excludeedgelayer true)
      (linewidth 0.100000)
      (plotframeref false)
      (viasonmask false)
      (mode 1)
      (useauxorigin false)
      (hpglpennumber 1)
      (hpglpenspeed 20)
      (hpglpendiameter 15.000000)
      (psnegative false)
      (psa4output false)
      (plotreference true)
      (plotvalue true)
      (plotinvisibletext false)
      (padsonsilk false)
      (subtractmaskfromsilk false)
      (outputformat 1)
      (mirror false)
      (drillshape 1)
      (scaleselection 1)
      (outputdirectory ""))
  )

  (net 0 "")
  (net 1 GND)
  (net 2 "Net-(C3-Pad1)")
  (net 3 "Net-(C5-Pad1)")
  (net 4 +12V)
  (net 5 "Net-(C7-Pad1)")
  (net 6 "Net-(C9-Pad2)")
  (net 7 "Net-(C9-Pad1)")
  (net 8 +5V)
  (net 9 "Net-(C51-Pad2)")
  (net 10 "Net-(C51-Pad1)")
  (net 11 "Net-(C52-Pad1)")
  (net 12 "Net-(C57-Pad1)")
  (net 13 "Net-(Q2-Pad3)")
  (net 14 "Net-(C1-Pad2)")
  (net 15 "Net-(C1-Pad1)")
  (net 16 "Net-(C2-Pad2)")
  (net 17 "Net-(C2-Pad1)")
  (net 18 "Net-(C52-Pad2)")
  (net 19 "Net-(D1-Pad2)")

  (net_class Default "This is the default net class."
    (clearance 0.2)
    (trace_width 0.25)
    (via_dia 0.8)
    (via_drill 0.4)
    (uvia_dia 0.3)
    (uvia_drill 0.1)
    (add_net +12V)
    (add_net +5V)
    (add_net GND)
    (add_net "Net-(C1-Pad1)")
    (add_net "Net-(C1-Pad2)")
    (add_net "Net-(C2-Pad1)")
    (add_net "Net-(C2-Pad2)")
    (add_net "Net-(C3-Pad1)")
    (add_net "Net-(C5-Pad1)")
    (add_net "Net-(C51-Pad1)")
    (add_net "Net-(C51-Pad2)")
    (add_net "Net-(C52-Pad1)")
    (add_net "Net-(C52-Pad2)")
    (add_net "Net-(C57-Pad1)")
    (add_net "Net-(C7-Pad1)")
    (add_net "Net-(C9-Pad1)")
    (add_net "Net-(C9-Pad2)")
    (add_net "Net-(D1-Pad2)")
    (add_net "Net-(Q2-Pad3)")
  )

  (module MountingHole:MountingHole_2.5mm_Pad (layer F.Cu) (tedit 60F0AF5B) (tstamp 60F13C1B)
    (at 159 90.24)
    (descr "Mounting Hole 2.5mm")
    (tags "mounting hole 2.5mm")
    (attr virtual)
    (fp_text reference " " (at 0 -3.5) (layer F.SilkS)
      (effects (font (size 1 1) (thickness 0.15)))
    )
    (fp_text value " " (at 0 3.5) (layer F.Fab)
      (effects (font (size 1 1) (thickness 0.15)))
    )
    (fp_circle (center 0 0) (end 2.75 0) (layer F.CrtYd) (width 0.05))
    (fp_circle (center 0 0) (end 2.5 0) (layer Cmts.User) (width 0.15))
    (fp_text user %R (at 0.3 0) (layer F.Fab)
      (effects (font (size 1 1) (thickness 0.15)))
    )
    (pad 1 thru_hole circle (at 0 0) (size 5 5) (drill 2.7) (layers *.Cu *.Mask))
  )

  (module MountingHole:MountingHole_2.5mm_Pad (layer F.Cu) (tedit 60F0AF65) (tstamp 60F13DF2)
    (at 159 64.5)
    (descr "Mounting Hole 2.5mm")
    (tags "mounting hole 2.5mm")
    (attr virtual)
    (fp_text reference " " (at 0 -3.5) (layer F.SilkS)
      (effects (font (size 1 1) (thickness 0.15)))
    )
    (fp_text value " " (at 0 3.5) (layer F.Fab)
      (effects (font (size 1 1) (thickness 0.15)))
    )
    (fp_circle (center 0 0) (end 2.5 0) (layer Cmts.User) (width 0.15))
    (fp_circle (center 0 0) (end 2.75 0) (layer F.CrtYd) (width 0.05))
    (fp_text user %R (at 0.3 0) (layer F.Fab)
      (effects (font (size 1 1) (thickness 0.15)))
    )
    (pad 1 thru_hole circle (at 0 0) (size 5 5) (drill 2.7) (layers *.Cu *.Mask))
  )

  (module Package_TO_SOT_SMD:TO-252-3_TabPin2 (layer F.Cu) (tedit 5A70F30B) (tstamp 60F08850)
    (at 103.275 58.375 90)
    (descr "TO-252 / DPAK SMD package, http://www.infineon.com/cms/en/product/packages/PG-TO252/PG-TO252-3-1/")
    (tags "DPAK TO-252 DPAK-3 TO-252-3 SOT-428")
    (path /5EF2FAC9)
    (attr smd)
    (fp_text reference U6 (at 0 -4.5 90) (layer F.SilkS)
      (effects (font (size 1 1) (thickness 0.15)))
    )
    (fp_text value MCP1703A-2502_SOT223 (at 0 4.5 90) (layer F.Fab)
      (effects (font (size 1 1) (thickness 0.15)))
    )
    (fp_line (start 3.95 -2.7) (end 4.95 -2.7) (layer F.Fab) (width 0.1))
    (fp_line (start 4.95 -2.7) (end 4.95 2.7) (layer F.Fab) (width 0.1))
    (fp_line (start 4.95 2.7) (end 3.95 2.7) (layer F.Fab) (width 0.1))
    (fp_line (start 3.95 -3.25) (end 3.95 3.25) (layer F.Fab) (width 0.1))
    (fp_line (start 3.95 3.25) (end -2.27 3.25) (layer F.Fab) (width 0.1))
    (fp_line (start -2.27 3.25) (end -2.27 -2.25) (layer F.Fab) (width 0.1))
    (fp_line (start -2.27 -2.25) (end -1.27 -3.25) (layer F.Fab) (width 0.1))
    (fp_line (start -1.27 -3.25) (end 3.95 -3.25) (layer F.Fab) (width 0.1))
    (fp_line (start -1.865 -2.655) (end -4.97 -2.655) (layer F.Fab) (width 0.1))
    (fp_line (start -4.97 -2.655) (end -4.97 -1.905) (layer F.Fab) (width 0.1))
    (fp_line (start -4.97 -1.905) (end -2.27 -1.905) (layer F.Fab) (width 0.1))
    (fp_line (start -2.27 -0.375) (end -4.97 -0.375) (layer F.Fab) (width 0.1))
    (fp_line (start -4.97 -0.375) (end -4.97 0.375) (layer F.Fab) (width 0.1))
    (fp_line (start -4.97 0.375) (end -2.27 0.375) (layer F.Fab) (width 0.1))
    (fp_line (start -2.27 1.905) (end -4.97 1.905) (layer F.Fab) (width 0.1))
    (fp_line (start -4.97 1.905) (end -4.97 2.655) (layer F.Fab) (width 0.1))
    (fp_line (start -4.97 2.655) (end -2.27 2.655) (layer F.Fab) (width 0.1))
    (fp_line (start -0.97 -3.45) (end -2.47 -3.45) (layer F.SilkS) (width 0.12))
    (fp_line (start -2.47 -3.45) (end -2.47 -3.18) (layer F.SilkS) (width 0.12))
    (fp_line (start -2.47 -3.18) (end -5.3 -3.18) (layer F.SilkS) (width 0.12))
    (fp_line (start -0.97 3.45) (end -2.47 3.45) (layer F.SilkS) (width 0.12))
    (fp_line (start -2.47 3.45) (end -2.47 3.18) (layer F.SilkS) (width 0.12))
    (fp_line (start -2.47 3.18) (end -3.57 3.18) (layer F.SilkS) (width 0.12))
    (fp_line (start -5.55 -3.5) (end -5.55 3.5) (layer F.CrtYd) (width 0.05))
    (fp_line (start -5.55 3.5) (end 5.55 3.5) (layer F.CrtYd) (width 0.05))
    (fp_line (start 5.55 3.5) (end 5.55 -3.5) (layer F.CrtYd) (width 0.05))
    (fp_line (start 5.55 -3.5) (end -5.55 -3.5) (layer F.CrtYd) (width 0.05))
    (fp_text user %R (at 0 0 90) (layer F.Fab)
      (effects (font (size 1 1) (thickness 0.15)))
    )
    (pad "" smd rect (at 0.425 1.525 90) (size 3.05 2.75) (layers F.Paste))
    (pad "" smd rect (at 3.775 -1.525 90) (size 3.05 2.75) (layers F.Paste))
    (pad "" smd rect (at 0.425 -1.525 90) (size 3.05 2.75) (layers F.Paste))
    (pad "" smd rect (at 3.775 1.525 90) (size 3.05 2.75) (layers F.Paste))
    (pad 2 smd rect (at 2.1 0 90) (size 6.4 5.8) (layers F.Cu F.Mask)
      (net 1 GND))
    (pad 3 smd rect (at -4.2 2.28 90) (size 2.2 1.2) (layers F.Cu F.Paste F.Mask)
      (net 8 +5V))
    (pad 2 smd rect (at -4.2 0 90) (size 2.2 1.2) (layers F.Cu F.Paste F.Mask)
      (net 1 GND))
    (pad 1 smd rect (at -4.2 -2.28 90) (size 2.2 1.2) (layers F.Cu F.Paste F.Mask)
      (net 4 +12V))
    (model ${KISYS3DMOD}/Package_TO_SOT_SMD.3dshapes/TO-252-3_TabPin2.wrl
      (at (xyz 0 0 0))
      (scale (xyz 1 1 1))
      (rotate (xyz 0 0 0))
    )
  )

  (module "Xenir:T37 Transformer" (layer F.Cu) (tedit 5EBB1CE0) (tstamp 60F0E891)
    (at 127.8 58)
    (path /60FD9096)
    (fp_text reference T1 (at 0.3 1.1) (layer F.SilkS)
      (effects (font (size 0.7 0.7) (thickness 0.15)))
    )
    (fp_text value "T37-6 15T:7T " (at 0 -0.1) (layer F.Fab)
      (effects (font (size 0.7 0.7) (thickness 0.15)))
    )
    (fp_circle (center 4.7625 1.92) (end 4.9869 1.92) (layer F.Fab) (width 0.4064))
    (fp_line (start -2.54 3.825) (end 2.54 4.46) (layer F.SilkS) (width 0.127))
    (fp_line (start -2.54 10.81) (end 2.54 11.445) (layer F.SilkS) (width 0.127))
    (fp_line (start -2.54 4.46) (end 2.54 5.095) (layer F.SilkS) (width 0.127))
    (fp_line (start -2.54 10.175) (end 2.54 10.81) (layer F.SilkS) (width 0.127))
    (fp_line (start -2.54 8.27) (end 2.54 8.905) (layer F.SilkS) (width 0.127))
    (fp_line (start -2.54 2.555) (end 2.54 3.19) (layer F.SilkS) (width 0.127))
    (fp_line (start -2.54 6.365) (end 2.54 7) (layer F.SilkS) (width 0.127))
    (fp_line (start -2.54 5.73) (end 2.54 6.365) (layer F.SilkS) (width 0.127))
    (fp_line (start -2.54 11.445) (end 2.54 12.08) (layer F.SilkS) (width 0.127))
    (fp_line (start -2.54 3.19) (end 2.54 3.825) (layer F.SilkS) (width 0.127))
    (fp_circle (center 4.9213 4.6188) (end 5.1457 4.6188) (layer F.Fab) (width 0.4064))
    (fp_line (start -2.54 8.905) (end 2.54 9.54) (layer F.SilkS) (width 0.127))
    (fp_line (start 2.54 8.905) (end 2.54 7) (layer F.SilkS) (width 0.127))
    (fp_line (start 2.54 10.81) (end 2.54 9.54) (layer F.SilkS) (width 0.127))
    (fp_line (start -2.54 10.81) (end -2.54 11.445) (layer F.SilkS) (width 0.127))
    (fp_line (start -2.54 3.19) (end -2.54 3.825) (layer F.SilkS) (width 0.127))
    (fp_line (start 2.54 1.92) (end -2.54 1.92) (layer F.SilkS) (width 0.127))
    (fp_line (start 2.54 4.46) (end 2.54 3.825) (layer F.SilkS) (width 0.127))
    (fp_line (start 2.54 12.08) (end 2.54 11.445) (layer F.SilkS) (width 0.127))
    (fp_line (start -2.54 6.365) (end -2.54 8.27) (layer F.SilkS) (width 0.127))
    (fp_line (start -2.54 1.92) (end 2.54 2.555) (layer F.SilkS) (width 0.127))
    (fp_line (start 2.54 6.365) (end 2.54 5.095) (layer F.SilkS) (width 0.127))
    (fp_line (start -2.54 12.08) (end 2.54 12.08) (layer F.SilkS) (width 0.127))
    (fp_line (start -2.54 8.905) (end -2.54 10.175) (layer F.SilkS) (width 0.127))
    (fp_line (start -2.54 4.46) (end -2.54 5.73) (layer F.SilkS) (width 0.127))
    (fp_line (start 2.54 2.555) (end 2.54 1.92) (layer F.SilkS) (width 0.127))
    (fp_arc (start 2.54 6.6825) (end 2.54 6.365) (angle 180) (layer F.SilkS) (width 0.127))
    (fp_arc (start -2.54 6.0475) (end -2.54 6.365) (angle 180) (layer F.SilkS) (width 0.127))
    (fp_arc (start 2.54 3.5075) (end 2.54 3.19) (angle 180) (layer F.SilkS) (width 0.127))
    (fp_arc (start 2.54 9.2225) (end 2.54 8.905) (angle 180) (layer F.SilkS) (width 0.127))
    (fp_arc (start 2.54 11.1275) (end 2.54 10.81) (angle 180) (layer F.SilkS) (width 0.127))
    (fp_arc (start -2.54 11.7625) (end -2.54 12.08) (angle 180) (layer F.SilkS) (width 0.127))
    (fp_arc (start -2.54 2.2375) (end -2.54 2.555) (angle 180) (layer F.SilkS) (width 0.127))
    (fp_arc (start -2.54 2.8725) (end -2.54 3.19) (angle 180) (layer F.SilkS) (width 0.127))
    (fp_arc (start 2.54 2.8725) (end 2.54 2.555) (angle 180) (layer F.SilkS) (width 0.127))
    (fp_arc (start -2.54 4.1425) (end -2.54 4.46) (angle 180) (layer F.SilkS) (width 0.127))
    (fp_arc (start -2.54 8.5875) (end -2.54 8.905) (angle 180) (layer F.SilkS) (width 0.127))
    (fp_arc (start -2.54 10.4925) (end -2.54 10.81) (angle 180) (layer F.SilkS) (width 0.127))
    (fp_arc (start 2.54 4.7775) (end 2.54 4.46) (angle 180) (layer F.SilkS) (width 0.127))
    (pad C1B thru_hole circle (at 3.81 5.73) (size 1.778 1.778) (drill 0.6) (layers *.Cu *.Mask)
      (net 4 +12V) (solder_mask_margin 0.1016))
    (pad C1A thru_hole circle (at -3.81 10.81) (size 1.778 1.778) (drill 0.6) (layers *.Cu *.Mask)
      (net 18 "Net-(C52-Pad2)") (solder_mask_margin 0.1016))
    (pad C2B thru_hole circle (at 3.81 3.19) (size 1.778 1.778) (drill 0.6) (layers *.Cu *.Mask)
      (net 15 "Net-(C1-Pad1)") (solder_mask_margin 0.1016))
    (pad C2A thru_hole circle (at -3.81 8.27) (size 1.778 1.778) (drill 0.6) (layers *.Cu *.Mask)
      (net 1 GND) (solder_mask_margin 0.1016))
  )

  (module "Xenir:Trimpot Vertical" (layer F.Cu) (tedit 60F08309) (tstamp 60F0E861)
    (at 136.506 92.503 90)
    (path /61016758)
    (fp_text reference RV2 (at 0.762 -1.27 90) (layer F.SilkS)
      (effects (font (size 1 1) (thickness 0.15)))
    )
    (fp_text value R_POT (at 0.127 -2.921 90) (layer F.Fab)
      (effects (font (size 1 1) (thickness 0.15)))
    )
    (fp_line (start 3.403 10.194) (end -1.397 10.194) (layer F.Fab) (width 0.1))
    (fp_line (start -1.518 9.219) (end -1.518 10.314) (layer F.SilkS) (width 0.12))
    (fp_line (start -1.518 4.22) (end -1.518 6.369) (layer F.SilkS) (width 0.12))
    (fp_line (start -1.518 0.273) (end -1.518 1.368) (layer F.SilkS) (width 0.12))
    (fp_line (start -1.397 10.194) (end -1.397 0.394) (layer F.Fab) (width 0.1))
    (fp_line (start -1.397 3.794) (end -1.397 6.794) (layer F.Fab) (width 0.1))
    (fp_line (start -0.16 6.914) (end 3.523 6.914) (layer F.SilkS) (width 0.12))
    (fp_line (start 3.403 6.794) (end 3.403 3.794) (layer F.Fab) (width 0.1))
    (fp_line (start -1.518 10.314) (end 3.523 10.314) (layer F.SilkS) (width 0.12))
    (fp_line (start 3.523 6.367) (end 3.523 10.314) (layer F.SilkS) (width 0.12))
    (fp_line (start 3.853 10.444) (end 3.853 0.094) (layer F.CrtYd) (width 0.05))
    (fp_line (start -1.397 6.794) (end 3.403 6.794) (layer F.Fab) (width 0.1))
    (fp_line (start 3.403 3.794) (end -1.397 3.794) (layer F.Fab) (width 0.1))
    (fp_line (start 3.403 0.394) (end 3.403 10.194) (layer F.Fab) (width 0.1))
    (fp_line (start -2.847 10.444) (end 3.853 10.444) (layer F.CrtYd) (width 0.05))
    (fp_line (start 3.523 0.273) (end 3.523 4.222) (layer F.SilkS) (width 0.12))
    (fp_line (start -1.397 0.394) (end 3.403 0.394) (layer F.Fab) (width 0.1))
    (fp_line (start -1.518 4.22) (end -1.518 6.369) (layer F.SilkS) (width 0.12))
    (fp_line (start 3.853 0.094) (end -2.847 0.094) (layer F.CrtYd) (width 0.05))
    (fp_line (start 3.523 3.674) (end 3.523 4.222) (layer F.SilkS) (width 0.12))
    (fp_line (start -1.518 0.273) (end 3.523 0.273) (layer F.SilkS) (width 0.12))
    (fp_line (start -2.847 0.094) (end -2.847 10.444) (layer F.CrtYd) (width 0.05))
    (fp_line (start 3.523 6.367) (end 3.523 6.914) (layer F.SilkS) (width 0.12))
    (fp_line (start -0.16 3.674) (end 3.523 3.674) (layer F.SilkS) (width 0.12))
    (fp_text user %R (at 4.826 4.699) (layer F.Fab)
      (effects (font (size 1 1) (thickness 0.15)))
    )
    (pad 1 thru_hole circle (at -1.397 2.794 90) (size 2.5 2.5) (drill 1.3) (layers *.Cu *.Mask)
      (net 1 GND))
    (pad 3 thru_hole circle (at -1.397 7.794 90) (size 2.5 2.5) (drill 1.3) (layers *.Cu *.Mask)
      (net 8 +5V))
    (pad 2 thru_hole circle (at 1.503 5.294 90) (size 2.5 2.5) (drill 1.3) (layers *.Cu *.Mask)
      (net 16 "Net-(C2-Pad2)"))
  )

  (module "Xenir:Trimpot Vertical" (layer F.Cu) (tedit 60F08309) (tstamp 60F0E841)
    (at 147 68.4 270)
    (path /60FE76A2)
    (fp_text reference RV1 (at 0.762 -1.27 90) (layer F.SilkS)
      (effects (font (size 1 1) (thickness 0.15)))
    )
    (fp_text value R_POT (at 0.127 -2.921 90) (layer F.Fab)
      (effects (font (size 1 1) (thickness 0.15)))
    )
    (fp_line (start 3.403 10.194) (end -1.397 10.194) (layer F.Fab) (width 0.1))
    (fp_line (start -1.518 9.219) (end -1.518 10.314) (layer F.SilkS) (width 0.12))
    (fp_line (start -1.518 4.22) (end -1.518 6.369) (layer F.SilkS) (width 0.12))
    (fp_line (start -1.518 0.273) (end -1.518 1.368) (layer F.SilkS) (width 0.12))
    (fp_line (start -1.397 10.194) (end -1.397 0.394) (layer F.Fab) (width 0.1))
    (fp_line (start -1.397 3.794) (end -1.397 6.794) (layer F.Fab) (width 0.1))
    (fp_line (start -0.16 6.914) (end 3.523 6.914) (layer F.SilkS) (width 0.12))
    (fp_line (start 3.403 6.794) (end 3.403 3.794) (layer F.Fab) (width 0.1))
    (fp_line (start -1.518 10.314) (end 3.523 10.314) (layer F.SilkS) (width 0.12))
    (fp_line (start 3.523 6.367) (end 3.523 10.314) (layer F.SilkS) (width 0.12))
    (fp_line (start 3.853 10.444) (end 3.853 0.094) (layer F.CrtYd) (width 0.05))
    (fp_line (start -1.397 6.794) (end 3.403 6.794) (layer F.Fab) (width 0.1))
    (fp_line (start 3.403 3.794) (end -1.397 3.794) (layer F.Fab) (width 0.1))
    (fp_line (start 3.403 0.394) (end 3.403 10.194) (layer F.Fab) (width 0.1))
    (fp_line (start -2.847 10.444) (end 3.853 10.444) (layer F.CrtYd) (width 0.05))
    (fp_line (start 3.523 0.273) (end 3.523 4.222) (layer F.SilkS) (width 0.12))
    (fp_line (start -1.397 0.394) (end 3.403 0.394) (layer F.Fab) (width 0.1))
    (fp_line (start -1.518 4.22) (end -1.518 6.369) (layer F.SilkS) (width 0.12))
    (fp_line (start 3.853 0.094) (end -2.847 0.094) (layer F.CrtYd) (width 0.05))
    (fp_line (start 3.523 3.674) (end 3.523 4.222) (layer F.SilkS) (width 0.12))
    (fp_line (start -1.518 0.273) (end 3.523 0.273) (layer F.SilkS) (width 0.12))
    (fp_line (start -2.847 0.094) (end -2.847 10.444) (layer F.CrtYd) (width 0.05))
    (fp_line (start 3.523 6.367) (end 3.523 6.914) (layer F.SilkS) (width 0.12))
    (fp_line (start -0.16 3.674) (end 3.523 3.674) (layer F.SilkS) (width 0.12))
    (fp_text user %R (at 4.826 4.699) (layer F.Fab)
      (effects (font (size 1 1) (thickness 0.15)))
    )
    (pad 1 thru_hole circle (at -1.397 2.794 270) (size 2.5 2.5) (drill 1.3) (layers *.Cu *.Mask)
      (net 1 GND))
    (pad 3 thru_hole circle (at -1.397 7.794 270) (size 2.5 2.5) (drill 1.3) (layers *.Cu *.Mask)
      (net 14 "Net-(C1-Pad2)"))
    (pad 2 thru_hole circle (at 1.503 5.294 270) (size 2.5 2.5) (drill 1.3) (layers *.Cu *.Mask)
      (net 17 "Net-(C2-Pad1)"))
  )

  (module "Xenir:Resistor 0805" (layer F.Cu) (tedit 5EAD64C3) (tstamp 60F0E741)
    (at 152.94 75.6625 270)
    (path /610128C7)
    (fp_text reference R2 (at 0 4 90) (layer F.SilkS)
      (effects (font (size 0.5 0.5) (thickness 0.125)))
    )
    (fp_text value 10 (at 0 1 90) (layer F.Fab)
      (effects (font (size 0.5 0.5) (thickness 0.125)))
    )
    (fp_line (start -0.258578 3.25) (end 0.258578 3.25) (layer F.SilkS) (width 0.12))
    (fp_line (start 1.68 3.49) (end -1.68 3.49) (layer F.CrtYd) (width 0.05))
    (fp_line (start 1.68 1.59) (end 1.68 3.49) (layer F.CrtYd) (width 0.05))
    (fp_line (start 1 1.94) (end 1 3.14) (layer F.Fab) (width 0.1))
    (fp_line (start -1.68 3.49) (end -1.68 1.59) (layer F.CrtYd) (width 0.05))
    (fp_line (start -1 3.14) (end -1 1.94) (layer F.Fab) (width 0.1))
    (fp_line (start -1.68 1.59) (end 1.68 1.59) (layer F.CrtYd) (width 0.05))
    (fp_line (start -0.258578 1.83) (end 0.258578 1.83) (layer F.SilkS) (width 0.12))
    (fp_line (start -1 1.94) (end 1 1.94) (layer F.Fab) (width 0.1))
    (fp_line (start 1 3.14) (end -1 3.14) (layer F.Fab) (width 0.1))
    (fp_text user %R (at 0 2.54 90) (layer F.Fab)
      (effects (font (size 0.5 0.5) (thickness 0.08)))
    )
    (pad 2 smd roundrect (at 0.9375 2.54 270) (size 0.975 1.4) (layers F.Cu F.Paste F.Mask) (roundrect_rratio 0.25)
      (net 1 GND))
    (pad 1 smd roundrect (at -0.9375 2.54 270) (size 0.975 1.4) (layers F.Cu F.Paste F.Mask) (roundrect_rratio 0.25)
      (net 19 "Net-(D1-Pad2)"))
  )

  (module "Xenir:Resistor 0805" (layer F.Cu) (tedit 5EAD64C3) (tstamp 60F0E730)
    (at 139.2 78.54 180)
    (path /60FEFF02)
    (fp_text reference R1 (at 0 4) (layer F.SilkS)
      (effects (font (size 0.5 0.5) (thickness 0.125)))
    )
    (fp_text value 33 (at 0 1) (layer F.Fab)
      (effects (font (size 0.5 0.5) (thickness 0.125)))
    )
    (fp_line (start -0.258578 3.25) (end 0.258578 3.25) (layer F.SilkS) (width 0.12))
    (fp_line (start 1.68 3.49) (end -1.68 3.49) (layer F.CrtYd) (width 0.05))
    (fp_line (start 1.68 1.59) (end 1.68 3.49) (layer F.CrtYd) (width 0.05))
    (fp_line (start 1 1.94) (end 1 3.14) (layer F.Fab) (width 0.1))
    (fp_line (start -1.68 3.49) (end -1.68 1.59) (layer F.CrtYd) (width 0.05))
    (fp_line (start -1 3.14) (end -1 1.94) (layer F.Fab) (width 0.1))
    (fp_line (start -1.68 1.59) (end 1.68 1.59) (layer F.CrtYd) (width 0.05))
    (fp_line (start -0.258578 1.83) (end 0.258578 1.83) (layer F.SilkS) (width 0.12))
    (fp_line (start -1 1.94) (end 1 1.94) (layer F.Fab) (width 0.1))
    (fp_line (start 1 3.14) (end -1 3.14) (layer F.Fab) (width 0.1))
    (fp_text user %R (at 0 2.54) (layer F.Fab)
      (effects (font (size 0.5 0.5) (thickness 0.08)))
    )
    (pad 2 smd roundrect (at 0.9375 2.54 180) (size 0.975 1.4) (layers F.Cu F.Paste F.Mask) (roundrect_rratio 0.25)
      (net 1 GND))
    (pad 1 smd roundrect (at -0.9375 2.54 180) (size 0.975 1.4) (layers F.Cu F.Paste F.Mask) (roundrect_rratio 0.25)
      (net 17 "Net-(C2-Pad1)"))
  )

  (module Xenir:T50_Inductor (layer F.Cu) (tedit 60F09D61) (tstamp 60F0E627)
    (at 170.789 48.41 270)
    (path /60FFC0E7)
    (fp_text reference L1 (at 0 0.5 90) (layer F.SilkS)
      (effects (font (size 1 1) (thickness 0.15)))
    )
    (fp_text value "T50-43 10T" (at 0 -0.5 90) (layer F.Fab)
      (effects (font (size 1 1) (thickness 0.15)))
    )
    (fp_line (start -2.27 13.85) (end 2.81 14.485) (layer F.SilkS) (width 0.127))
    (fp_circle (center 5.1278 2.6739) (end 5.2866 2.6739) (layer F.Fab) (width 0.4064))
    (fp_line (start -2.27 13.215) (end 2.81 13.85) (layer F.SilkS) (width 0.127))
    (fp_line (start -2.27 12.58) (end 2.81 13.215) (layer F.SilkS) (width 0.127))
    (fp_line (start -2.27 11.945) (end 2.81 12.58) (layer F.SilkS) (width 0.127))
    (fp_line (start -2.27 11.31) (end 2.81 11.945) (layer F.SilkS) (width 0.127))
    (fp_line (start -2.27 10.04) (end 2.81 10.675) (layer F.SilkS) (width 0.127))
    (fp_line (start -2.27 4.325) (end -2.27 4.96) (layer F.SilkS) (width 0.127))
    (fp_line (start -2.27 13.85) (end -2.27 15.12) (layer F.SilkS) (width 0.127))
    (fp_line (start -2.27 10.04) (end -2.27 11.31) (layer F.SilkS) (width 0.127))
    (fp_line (start -2.27 4.96) (end 2.81 5.595) (layer F.SilkS) (width 0.127))
    (fp_line (start 2.81 3.69) (end 2.81 2.42) (layer F.SilkS) (width 0.127))
    (fp_line (start -2.27 15.12) (end 2.81 15.12) (layer F.SilkS) (width 0.127))
    (fp_line (start -2.27 5.595) (end -2.27 6.865) (layer F.SilkS) (width 0.127))
    (fp_line (start -2.27 11.945) (end -2.27 12.58) (layer F.SilkS) (width 0.127))
    (fp_line (start 2.81 13.215) (end 2.81 12.58) (layer F.SilkS) (width 0.127))
    (fp_line (start -2.27 2.42) (end -2.27 3.055) (layer F.SilkS) (width 0.127))
    (fp_line (start -2.27 5.595) (end 2.81 6.23) (layer F.SilkS) (width 0.127))
    (fp_line (start -2.27 9.405) (end 2.81 10.04) (layer F.SilkS) (width 0.127))
    (fp_line (start -2.27 7.5) (end 2.81 8.135) (layer F.SilkS) (width 0.127))
    (fp_line (start 2.81 11.945) (end 2.81 10.675) (layer F.SilkS) (width 0.127))
    (fp_line (start 2.81 2.42) (end -2.27 2.42) (layer F.SilkS) (width 0.127))
    (fp_line (start -2.27 6.865) (end 2.81 7.5) (layer F.SilkS) (width 0.127))
    (fp_line (start -2.27 4.325) (end 2.81 4.96) (layer F.SilkS) (width 0.127))
    (fp_line (start -2.27 3.69) (end 2.81 4.325) (layer F.SilkS) (width 0.127))
    (fp_line (start -2.27 3.055) (end 2.81 3.69) (layer F.SilkS) (width 0.127))
    (fp_line (start 2.81 15.12) (end 2.81 14.485) (layer F.SilkS) (width 0.127))
    (fp_line (start 2.81 5.595) (end 2.81 4.96) (layer F.SilkS) (width 0.127))
    (fp_line (start -2.27 7.5) (end -2.27 9.405) (layer F.SilkS) (width 0.127))
    (fp_line (start 2.81 7.5) (end 2.81 6.23) (layer F.SilkS) (width 0.127))
    (fp_line (start 2.81 10.04) (end 2.81 8.135) (layer F.SilkS) (width 0.127))
    (fp_arc (start -2.27 7.1825) (end -2.27 7.5) (angle 180) (layer F.SilkS) (width 0.127))
    (fp_arc (start 2.81 4.0075) (end 2.81 3.69) (angle 180) (layer F.SilkS) (width 0.127))
    (fp_arc (start 2.81 10.3575) (end 2.81 10.04) (angle 180) (layer F.SilkS) (width 0.127))
    (fp_arc (start -2.27 9.7225) (end -2.27 10.04) (angle 180) (layer F.SilkS) (width 0.127))
    (fp_arc (start 2.81 13.5325) (end 2.81 13.215) (angle 180) (layer F.SilkS) (width 0.127))
    (fp_arc (start -2.27 3.3725) (end -2.27 3.69) (angle 180) (layer F.SilkS) (width 0.127))
    (fp_arc (start 2.81 14.1675) (end 2.81 13.85) (angle 180) (layer F.SilkS) (width 0.127))
    (fp_arc (start -2.27 13.5325) (end -2.27 13.85) (angle 180) (layer F.SilkS) (width 0.127))
    (fp_arc (start -2.27 12.8975) (end -2.27 13.215) (angle 180) (layer F.SilkS) (width 0.127))
    (fp_arc (start -2.27 4.0075) (end -2.27 4.325) (angle 180) (layer F.SilkS) (width 0.127))
    (fp_arc (start 2.81 4.6425) (end 2.81 4.325) (angle 180) (layer F.SilkS) (width 0.127))
    (fp_arc (start -2.27 11.6275) (end -2.27 11.945) (angle 180) (layer F.SilkS) (width 0.127))
    (fp_arc (start -2.27 5.2775) (end -2.27 5.595) (angle 180) (layer F.SilkS) (width 0.127))
    (fp_arc (start 2.81 5.9125) (end 2.81 5.595) (angle 180) (layer F.SilkS) (width 0.127))
    (fp_arc (start 2.81 12.2625) (end 2.81 11.945) (angle 180) (layer F.SilkS) (width 0.127))
    (fp_arc (start 2.81 7.8175) (end 2.81 7.5) (angle 180) (layer F.SilkS) (width 0.127))
    (pad 1 thru_hole circle (at -3.81 13.589 270) (size 1.778 1.778) (drill 0.8) (layers *.Cu *.Mask)
      (net 4 +12V) (solder_mask_margin 0.1016))
    (pad 2 thru_hole circle (at 4.334 3.944 270) (size 1.778 1.778) (drill 0.8) (layers *.Cu *.Mask)
      (net 12 "Net-(C57-Pad1)") (solder_mask_margin 0.1016))
  )

  (module Diode_THT:D_A-405_P10.16mm_Horizontal (layer F.Cu) (tedit 5AE50CD5) (tstamp 60F0E53E)
    (at 145.4 85.16 90)
    (descr "Diode, A-405 series, Axial, Horizontal, pin pitch=10.16mm, , length*diameter=5.2*2.7mm^2, , http://www.diodes.com/_files/packages/A-405.pdf")
    (tags "Diode A-405 series Axial Horizontal pin pitch 10.16mm  length 5.2mm diameter 2.7mm")
    (path /61011157)
    (fp_text reference D1 (at 5.08 -2.47 90) (layer F.SilkS)
      (effects (font (size 1 1) (thickness 0.15)))
    )
    (fp_text value D_Zener (at 5.08 2.47 90) (layer F.Fab)
      (effects (font (size 1 1) (thickness 0.15)))
    )
    (fp_line (start 2.48 -1.35) (end 2.48 1.35) (layer F.Fab) (width 0.1))
    (fp_line (start 2.48 1.35) (end 7.68 1.35) (layer F.Fab) (width 0.1))
    (fp_line (start 7.68 1.35) (end 7.68 -1.35) (layer F.Fab) (width 0.1))
    (fp_line (start 7.68 -1.35) (end 2.48 -1.35) (layer F.Fab) (width 0.1))
    (fp_line (start 0 0) (end 2.48 0) (layer F.Fab) (width 0.1))
    (fp_line (start 10.16 0) (end 7.68 0) (layer F.Fab) (width 0.1))
    (fp_line (start 3.26 -1.35) (end 3.26 1.35) (layer F.Fab) (width 0.1))
    (fp_line (start 3.36 -1.35) (end 3.36 1.35) (layer F.Fab) (width 0.1))
    (fp_line (start 3.16 -1.35) (end 3.16 1.35) (layer F.Fab) (width 0.1))
    (fp_line (start 2.36 -1.47) (end 2.36 1.47) (layer F.SilkS) (width 0.12))
    (fp_line (start 2.36 1.47) (end 7.8 1.47) (layer F.SilkS) (width 0.12))
    (fp_line (start 7.8 1.47) (end 7.8 -1.47) (layer F.SilkS) (width 0.12))
    (fp_line (start 7.8 -1.47) (end 2.36 -1.47) (layer F.SilkS) (width 0.12))
    (fp_line (start 1.14 0) (end 2.36 0) (layer F.SilkS) (width 0.12))
    (fp_line (start 9.02 0) (end 7.8 0) (layer F.SilkS) (width 0.12))
    (fp_line (start 3.26 -1.47) (end 3.26 1.47) (layer F.SilkS) (width 0.12))
    (fp_line (start 3.38 -1.47) (end 3.38 1.47) (layer F.SilkS) (width 0.12))
    (fp_line (start 3.14 -1.47) (end 3.14 1.47) (layer F.SilkS) (width 0.12))
    (fp_line (start -1.15 -1.6) (end -1.15 1.6) (layer F.CrtYd) (width 0.05))
    (fp_line (start -1.15 1.6) (end 11.31 1.6) (layer F.CrtYd) (width 0.05))
    (fp_line (start 11.31 1.6) (end 11.31 -1.6) (layer F.CrtYd) (width 0.05))
    (fp_line (start 11.31 -1.6) (end -1.15 -1.6) (layer F.CrtYd) (width 0.05))
    (fp_text user K (at 0 -1.9 90) (layer F.SilkS)
      (effects (font (size 1 1) (thickness 0.15)))
    )
    (fp_text user K (at 0 -1.9 90) (layer F.Fab)
      (effects (font (size 1 1) (thickness 0.15)))
    )
    (fp_text user %R (at 5.47 0 90) (layer F.Fab)
      (effects (font (size 1 1) (thickness 0.15)))
    )
    (pad 2 thru_hole oval (at 10.16 0 90) (size 1.8 1.8) (drill 0.9) (layers *.Cu *.Mask)
      (net 19 "Net-(D1-Pad2)"))
    (pad 1 thru_hole rect (at 0 0 90) (size 1.8 1.8) (drill 0.9) (layers *.Cu *.Mask)
      (net 16 "Net-(C2-Pad2)"))
    (model ${KISYS3DMOD}/Diode_THT.3dshapes/D_A-405_P10.16mm_Horizontal.wrl
      (at (xyz 0 0 0))
      (scale (xyz 1 1 1))
      (rotate (xyz 0 0 0))
    )
  )

  (module "Xenir:Capacitor 0805" (layer F.Cu) (tedit 5EAD6262) (tstamp 60F0E3A3)
    (at 161.3375 41.66)
    (path /6101E804)
    (fp_text reference C4 (at 0.5 1) (layer F.SilkS)
      (effects (font (size 0.5 0.5) (thickness 0.125)))
    )
    (fp_text value .1uF (at 0.5 4) (layer F.Fab)
      (effects (font (size 0.5 0.5) (thickness 0.125)))
    )
    (fp_line (start 1.68 3.49) (end -1.68 3.49) (layer F.CrtYd) (width 0.05))
    (fp_line (start -0.258578 1.83) (end 0.258578 1.83) (layer F.SilkS) (width 0.12))
    (fp_line (start 1 3.14) (end -1 3.14) (layer F.Fab) (width 0.1))
    (fp_line (start -1 1.94) (end 1 1.94) (layer F.Fab) (width 0.1))
    (fp_line (start -0.258578 3.25) (end 0.258578 3.25) (layer F.SilkS) (width 0.12))
    (fp_line (start 1 1.94) (end 1 3.14) (layer F.Fab) (width 0.1))
    (fp_line (start -1.68 3.49) (end -1.68 1.59) (layer F.CrtYd) (width 0.05))
    (fp_line (start 1.68 1.59) (end 1.68 3.49) (layer F.CrtYd) (width 0.05))
    (fp_line (start -1.68 1.59) (end 1.68 1.59) (layer F.CrtYd) (width 0.05))
    (fp_line (start -1 3.14) (end -1 1.94) (layer F.Fab) (width 0.1))
    (fp_text user %R (at 0 2.54) (layer F.Fab)
      (effects (font (size 0.5 0.5) (thickness 0.08)))
    )
    (pad 2 smd roundrect (at 0.9375 2.54) (size 0.975 1.4) (layers F.Cu F.Paste F.Mask) (roundrect_rratio 0.25)
      (net 1 GND))
    (pad 1 smd roundrect (at -0.9375 2.54) (size 0.975 1.4) (layers F.Cu F.Paste F.Mask) (roundrect_rratio 0.25)
      (net 4 +12V))
  )

  (module "Xenir:Capacitor 0805" (layer F.Cu) (tedit 5EAD6262) (tstamp 60F0E382)
    (at 139.2 79.8)
    (path /60FFE558)
    (fp_text reference C2 (at 0.5 1) (layer F.SilkS)
      (effects (font (size 0.5 0.5) (thickness 0.125)))
    )
    (fp_text value .1uF (at 0.5 4) (layer F.Fab)
      (effects (font (size 0.5 0.5) (thickness 0.125)))
    )
    (fp_line (start 1.68 3.49) (end -1.68 3.49) (layer F.CrtYd) (width 0.05))
    (fp_line (start -0.258578 1.83) (end 0.258578 1.83) (layer F.SilkS) (width 0.12))
    (fp_line (start 1 3.14) (end -1 3.14) (layer F.Fab) (width 0.1))
    (fp_line (start -1 1.94) (end 1 1.94) (layer F.Fab) (width 0.1))
    (fp_line (start -0.258578 3.25) (end 0.258578 3.25) (layer F.SilkS) (width 0.12))
    (fp_line (start 1 1.94) (end 1 3.14) (layer F.Fab) (width 0.1))
    (fp_line (start -1.68 3.49) (end -1.68 1.59) (layer F.CrtYd) (width 0.05))
    (fp_line (start 1.68 1.59) (end 1.68 3.49) (layer F.CrtYd) (width 0.05))
    (fp_line (start -1.68 1.59) (end 1.68 1.59) (layer F.CrtYd) (width 0.05))
    (fp_line (start -1 3.14) (end -1 1.94) (layer F.Fab) (width 0.1))
    (fp_text user %R (at 0 2.54) (layer F.Fab)
      (effects (font (size 0.5 0.5) (thickness 0.08)))
    )
    (pad 2 smd roundrect (at 0.9375 2.54) (size 0.975 1.4) (layers F.Cu F.Paste F.Mask) (roundrect_rratio 0.25)
      (net 16 "Net-(C2-Pad2)"))
    (pad 1 smd roundrect (at -0.9375 2.54) (size 0.975 1.4) (layers F.Cu F.Paste F.Mask) (roundrect_rratio 0.25)
      (net 17 "Net-(C2-Pad1)"))
  )

  (module "Xenir:Capacitor 0805" (layer F.Cu) (tedit 5EAD6262) (tstamp 60F0E371)
    (at 137 58.6)
    (path /60FEB2D8)
    (fp_text reference C1 (at 0.5 1) (layer F.SilkS)
      (effects (font (size 0.5 0.5) (thickness 0.125)))
    )
    (fp_text value .1uF (at 0.5 4) (layer F.Fab)
      (effects (font (size 0.5 0.5) (thickness 0.125)))
    )
    (fp_line (start 1.68 3.49) (end -1.68 3.49) (layer F.CrtYd) (width 0.05))
    (fp_line (start -0.258578 1.83) (end 0.258578 1.83) (layer F.SilkS) (width 0.12))
    (fp_line (start 1 3.14) (end -1 3.14) (layer F.Fab) (width 0.1))
    (fp_line (start -1 1.94) (end 1 1.94) (layer F.Fab) (width 0.1))
    (fp_line (start -0.258578 3.25) (end 0.258578 3.25) (layer F.SilkS) (width 0.12))
    (fp_line (start 1 1.94) (end 1 3.14) (layer F.Fab) (width 0.1))
    (fp_line (start -1.68 3.49) (end -1.68 1.59) (layer F.CrtYd) (width 0.05))
    (fp_line (start 1.68 1.59) (end 1.68 3.49) (layer F.CrtYd) (width 0.05))
    (fp_line (start -1.68 1.59) (end 1.68 1.59) (layer F.CrtYd) (width 0.05))
    (fp_line (start -1 3.14) (end -1 1.94) (layer F.Fab) (width 0.1))
    (fp_text user %R (at 0 2.54) (layer F.Fab)
      (effects (font (size 0.5 0.5) (thickness 0.08)))
    )
    (pad 2 smd roundrect (at 0.9375 2.54) (size 0.975 1.4) (layers F.Cu F.Paste F.Mask) (roundrect_rratio 0.25)
      (net 14 "Net-(C1-Pad2)"))
    (pad 1 smd roundrect (at -0.9375 2.54) (size 0.975 1.4) (layers F.Cu F.Paste F.Mask) (roundrect_rratio 0.25)
      (net 15 "Net-(C1-Pad1)"))
  )

  (module "Xenir:Resistor 0805" (layer F.Cu) (tedit 5EAD64C3) (tstamp 60F08828)
    (at 102.74 83.0625 270)
    (path /60F88DE3)
    (fp_text reference R65 (at 0 4 90) (layer F.SilkS)
      (effects (font (size 0.5 0.5) (thickness 0.125)))
    )
    (fp_text value 4.7k (at 0 1 90) (layer F.Fab)
      (effects (font (size 0.5 0.5) (thickness 0.125)))
    )
    (fp_line (start -0.258578 3.25) (end 0.258578 3.25) (layer F.SilkS) (width 0.12))
    (fp_line (start 1.68 3.49) (end -1.68 3.49) (layer F.CrtYd) (width 0.05))
    (fp_line (start 1.68 1.59) (end 1.68 3.49) (layer F.CrtYd) (width 0.05))
    (fp_line (start 1 1.94) (end 1 3.14) (layer F.Fab) (width 0.1))
    (fp_line (start -1.68 3.49) (end -1.68 1.59) (layer F.CrtYd) (width 0.05))
    (fp_line (start -1 3.14) (end -1 1.94) (layer F.Fab) (width 0.1))
    (fp_line (start -1.68 1.59) (end 1.68 1.59) (layer F.CrtYd) (width 0.05))
    (fp_line (start -0.258578 1.83) (end 0.258578 1.83) (layer F.SilkS) (width 0.12))
    (fp_line (start -1 1.94) (end 1 1.94) (layer F.Fab) (width 0.1))
    (fp_line (start 1 3.14) (end -1 3.14) (layer F.Fab) (width 0.1))
    (fp_text user %R (at 0 2.54 90) (layer F.Fab)
      (effects (font (size 0.5 0.5) (thickness 0.08)))
    )
    (pad 2 smd roundrect (at 0.9375 2.54 270) (size 0.975 1.4) (layers F.Cu F.Paste F.Mask) (roundrect_rratio 0.25)
      (net 1 GND))
    (pad 1 smd roundrect (at -0.9375 2.54 270) (size 0.975 1.4) (layers F.Cu F.Paste F.Mask) (roundrect_rratio 0.25)
      (net 6 "Net-(C9-Pad2)"))
  )

  (module "Xenir:Resistor 0805" (layer F.Cu) (tedit 5EAD64C3) (tstamp 60F08817)
    (at 102.74 77 270)
    (path /60F85DCA)
    (fp_text reference R64 (at 0 4 90) (layer F.SilkS)
      (effects (font (size 0.5 0.5) (thickness 0.125)))
    )
    (fp_text value 4.7k (at 0 1 90) (layer F.Fab)
      (effects (font (size 0.5 0.5) (thickness 0.125)))
    )
    (fp_line (start -0.258578 3.25) (end 0.258578 3.25) (layer F.SilkS) (width 0.12))
    (fp_line (start 1.68 3.49) (end -1.68 3.49) (layer F.CrtYd) (width 0.05))
    (fp_line (start 1.68 1.59) (end 1.68 3.49) (layer F.CrtYd) (width 0.05))
    (fp_line (start 1 1.94) (end 1 3.14) (layer F.Fab) (width 0.1))
    (fp_line (start -1.68 3.49) (end -1.68 1.59) (layer F.CrtYd) (width 0.05))
    (fp_line (start -1 3.14) (end -1 1.94) (layer F.Fab) (width 0.1))
    (fp_line (start -1.68 1.59) (end 1.68 1.59) (layer F.CrtYd) (width 0.05))
    (fp_line (start -0.258578 1.83) (end 0.258578 1.83) (layer F.SilkS) (width 0.12))
    (fp_line (start -1 1.94) (end 1 1.94) (layer F.Fab) (width 0.1))
    (fp_line (start 1 3.14) (end -1 3.14) (layer F.Fab) (width 0.1))
    (fp_text user %R (at 0 2.54 90) (layer F.Fab)
      (effects (font (size 0.5 0.5) (thickness 0.08)))
    )
    (pad 2 smd roundrect (at 0.9375 2.54 270) (size 0.975 1.4) (layers F.Cu F.Paste F.Mask) (roundrect_rratio 0.25)
      (net 6 "Net-(C9-Pad2)"))
    (pad 1 smd roundrect (at -0.9375 2.54 270) (size 0.975 1.4) (layers F.Cu F.Paste F.Mask) (roundrect_rratio 0.25)
      (net 8 +5V))
  )

  (module "Xenir:Resistor 0805" (layer F.Cu) (tedit 5EAD64C3) (tstamp 60F087C2)
    (at 132.14 86.6625 270)
    (path /5F4C304C)
    (fp_text reference R55 (at 0 4 90) (layer F.SilkS)
      (effects (font (size 0.5 0.5) (thickness 0.125)))
    )
    (fp_text value 10 (at 0 1 90) (layer F.Fab)
      (effects (font (size 0.5 0.5) (thickness 0.125)))
    )
    (fp_line (start -0.258578 3.25) (end 0.258578 3.25) (layer F.SilkS) (width 0.12))
    (fp_line (start 1.68 3.49) (end -1.68 3.49) (layer F.CrtYd) (width 0.05))
    (fp_line (start 1.68 1.59) (end 1.68 3.49) (layer F.CrtYd) (width 0.05))
    (fp_line (start 1 1.94) (end 1 3.14) (layer F.Fab) (width 0.1))
    (fp_line (start -1.68 3.49) (end -1.68 1.59) (layer F.CrtYd) (width 0.05))
    (fp_line (start -1 3.14) (end -1 1.94) (layer F.Fab) (width 0.1))
    (fp_line (start -1.68 1.59) (end 1.68 1.59) (layer F.CrtYd) (width 0.05))
    (fp_line (start -0.258578 1.83) (end 0.258578 1.83) (layer F.SilkS) (width 0.12))
    (fp_line (start -1 1.94) (end 1 1.94) (layer F.Fab) (width 0.1))
    (fp_line (start 1 3.14) (end -1 3.14) (layer F.Fab) (width 0.1))
    (fp_text user %R (at 0 2.54 90) (layer F.Fab)
      (effects (font (size 0.5 0.5) (thickness 0.08)))
    )
    (pad 2 smd roundrect (at 0.9375 2.54 270) (size 0.975 1.4) (layers F.Cu F.Paste F.Mask) (roundrect_rratio 0.25)
      (net 1 GND))
    (pad 1 smd roundrect (at -0.9375 2.54 270) (size 0.975 1.4) (layers F.Cu F.Paste F.Mask) (roundrect_rratio 0.25)
      (net 13 "Net-(Q2-Pad3)"))
  )

  (module "Xenir:Resistor 0805" (layer F.Cu) (tedit 5EAD64C3) (tstamp 60F087B1)
    (at 119.8625 81.94 180)
    (path /5F4BFB3E)
    (fp_text reference R54 (at 0 4) (layer F.SilkS)
      (effects (font (size 0.5 0.5) (thickness 0.125)))
    )
    (fp_text value 10k (at 0 1) (layer F.Fab)
      (effects (font (size 0.5 0.5) (thickness 0.125)))
    )
    (fp_line (start -0.258578 3.25) (end 0.258578 3.25) (layer F.SilkS) (width 0.12))
    (fp_line (start 1.68 3.49) (end -1.68 3.49) (layer F.CrtYd) (width 0.05))
    (fp_line (start 1.68 1.59) (end 1.68 3.49) (layer F.CrtYd) (width 0.05))
    (fp_line (start 1 1.94) (end 1 3.14) (layer F.Fab) (width 0.1))
    (fp_line (start -1.68 3.49) (end -1.68 1.59) (layer F.CrtYd) (width 0.05))
    (fp_line (start -1 3.14) (end -1 1.94) (layer F.Fab) (width 0.1))
    (fp_line (start -1.68 1.59) (end 1.68 1.59) (layer F.CrtYd) (width 0.05))
    (fp_line (start -0.258578 1.83) (end 0.258578 1.83) (layer F.SilkS) (width 0.12))
    (fp_line (start -1 1.94) (end 1 1.94) (layer F.Fab) (width 0.1))
    (fp_line (start 1 3.14) (end -1 3.14) (layer F.Fab) (width 0.1))
    (fp_text user %R (at 0 2.54) (layer F.Fab)
      (effects (font (size 0.5 0.5) (thickness 0.08)))
    )
    (pad 2 smd roundrect (at 0.9375 2.54 180) (size 0.975 1.4) (layers F.Cu F.Paste F.Mask) (roundrect_rratio 0.25)
      (net 11 "Net-(C52-Pad1)"))
    (pad 1 smd roundrect (at -0.9375 2.54 180) (size 0.975 1.4) (layers F.Cu F.Paste F.Mask) (roundrect_rratio 0.25)
      (net 18 "Net-(C52-Pad2)"))
  )

  (module "Xenir:Resistor 0805" (layer F.Cu) (tedit 5EAD64C3) (tstamp 60F087A0)
    (at 116.14 81.7375 270)
    (path /5F4BEDE0)
    (fp_text reference R53 (at 0 4 90) (layer F.SilkS)
      (effects (font (size 0.5 0.5) (thickness 0.125)))
    )
